TILESIZE 16 16 16 32
map_tiles.png
TILE 0 false
TILE 1 false
TILE 2 false
TILE 3 false
TILE 4 false
TILE 5 false
TILE 6 false
TILE 7 false
TILE 8 false
TILE 9 false
TILE 10 false
TILE 11 false
L 4 4 4 4 4 4 4 4 4 4 4 4 4 4 4 4 
L 4 4 9 9 9 9 9 9 9 9 9 9 9 9 4 4 
L 4 9 9 4 9 4 9 4 4 9 4 9 4 9 9 4 
L 4 9 4 9 9 4 9 4 4 9 4 9 9 4 9 4 
L 4 9 9 9 4 4 9 9 9 9 4 4 9 9 9 4 
L 4 9 4 4 4 9 9 4 4 9 9 4 4 4 9 4 
L 4 9 9 9 9 9 4 4 4 4 9 9 9 9 9 4 
L 4 9 4 4 9 4 9 9 9 9 4 9 4 4 9 4 
L 4 9 4 4 9 9 9 4 4 9 9 9 4 4 9 4 
L 4 9 9 9 9 4 4 4 4 4 4 9 9 9 9 4 
L 4 9 4 4 9 9 9 9 9 9 9 9 4 4 9 4 
L 4 9 9 4 4 4 9 4 4 9 4 4 9 9 9 4 
L 4 9 4 9 9 9 9 9 9 9 9 9 9 4 9 4 
L 4 9 4 4 4 4 4 4 9 4 4 4 4 4 9 4 
L 4 9 9 9 9 9 9 9 9 9 9 9 9 9 9 4 
L 4 9 4 4 4 4 4 9 4 4 4 4 4 4 9 4 
L 4 9 9 9 9 9 9 9 9 9 9 9 9 9 9 4 
L 4 9 4 9 4 4 4 9 4 4 4 4 9 4 9 4 
L 4 9 4 9 9 9 9 9 9 9 9 9 9 4 9 4 
L 4 9 4 4 4 4 4 9 4 4 4 4 4 4 9 4 
L 4 9 9 9 9 9 4 9 4 9 9 9 9 9 9 4 
L 4 9 4 4 4 9 4 9 4 9 4 4 4 4 9 4 
L 4 9 9 9 4 9 9 9 9 9 9 9 9 9 9 4 
L 4 9 4 4 4 9 4 4 4 9 4 4 4 4 9 4 
L 4 9 9 9 9 9 9 9 9 9 9 9 9 9 9 4 
L 4 9 4 4 4 4 9 4 4 9 4 4 4 4 9 4 
L 4 9 4 4 9 9 9 9 9 9 9 9 4 4 9 4 
L 4 9 9 9 9 4 4 4 4 4 4 9 9 9 9 4 
L 4 9 4 4 9 9 9 9 9 9 9 9 4 4 9 4 
L 4 9 4 4 9 4 4 4 4 4 4 9 4 4 9 4 
L 4 9 9 9 9 9 9 9 9 9 9 9 9 9 9 4 
L 4 4 4 4 4 4 4 4 4 4 4 4 4 4 4 4 
